{
  "vehicle": {
    "name": "quad_tilt_demo",
    "mass": 1.5,
    "inertia": [0.02, 0.0, 0.0, 0.0, 0.02, 0.0, 0.0, 0.0, 0.03],
    "gravity": 9.81
  },
  "rotors": [
    {
      "id": "r0",
      "pose_baselink": [
        [0.7071, -0.7071, 0.0, 0.2],
        [0.7071, 0.7071, 0.0, 0.2],
        [0.0, 0.0, 1.0, 0.0],
        [0.0, 0.0, 0.0, 1.0]
      ],
      "tilt_axes_rotor": [[1.0, 0.0, 0.0]],
      "k_thrust": 1.0,
      "k_drag": 0.02,
      "spin_dir": 1,
      "rotor_inertia": 0.0002,
      "tilt_thrust_power": 0.0
    },
    {
      "id": "r1",
      "pose_baselink": [
        [-0.7071, -0.7071, 0.0, -0.2],
        [0.7071, -0.7071, 0.0, 0.2],
        [0.0, 0.0, 1.0, 0.0],
        [0.0, 0.0, 0.0, 1.0]
      ],
      "tilt_axes_rotor": [[1.0, 0.0, 0.0]],
      "k_thrust": 1.0,
      "k_drag": 0.02,
      "spin_dir": -1,
      "rotor_inertia": 0.0002,
      "tilt_thrust_power": 0.0
    },
    {
      "id": "r2",
      "pose_baselink": [
        [-0.7071, 0.7071, 0.0, -0.2],
        [-0.7071, -0.7071, 0.0, -0.2],
        [0.0, 0.0, 1.0, 0.0],
        [0.0, 0.0, 0.0, 1.0]
      ],
      "tilt_axes_rotor": [[1.0, 0.0, 0.0]],
      "k_thrust": 1.0,
      "k_drag": 0.02,
      "spin_dir": 1,
      "rotor_inertia": 0.0002,
      "tilt_thrust_power": 0.0
    },
    {
      "id": "r3",
      "pose_baselink": [
        [0.7071, 0.7071, 0.0, 0.2],
        [-0.7071, 0.7071, 0.0, -0.2],
        [0.0, 0.0, 1.0, 0.0],
        [0.0, 0.0, 0.0, 1.0]
      ],
      "tilt_axes_rotor": [[1.0, 0.0, 0.0]],
      "k_thrust": 1.0,
      "k_drag": 0.02,
      "spin_dir": -1,
      "rotor_inertia": 0.0002,
      "tilt_thrust_power": 0.0
    }
  ]
}
